000000000
000000000
000000000
000000000
000000000
000000000
000000220
000000000
000000000
000200000
000000022222
000002000
2200000002222220000022222222222222222222222222222222222222222222222222222222222222222222222222222222222222222222222222222222222
112200222
111111111
111111111
11111111112
11112222222
111111111111111111111111111
111111111111111111111111111
111111111111111111111111221
222222222222222222222222222222222222222222222222222222222222222222222222222222222222222222222222222222222222222222222222222222222222222222222222222222222222222222222222222222222222222222222
111111111111111111111111111
111111111111111111111111111
222222222222222222222222222